29413.1
35260.5
54360.6
42289.3
71789.4
18158.9
3713.9
326.3
489954.6
7134.1
21306.5
200905.2
4883.5
3332.8
24327.1
-1746.3
118245.2
315801.5
560.7
622363.1
-2778.2
41779.1
289198.6
9539.1
25002.0
24447.3
157415.6
363758.1
1888.2
632208.2
3585.6
-795.5
30371.2
47056.5
2565.7
3548.9
58913.8
154592.8
211567.7
667824.8
84493.7
958204.0
869110.4
1051586.0
1964.6
36572.1
19732.2
715493.9
13351.3
123555.1
3894.5
74001.7
4406.2
79112.7
14028.6
272547.4
188888.0
211525.5
56864.1
77504.5
160097.2
206657.1
75335.0
203533.1
22286.1
325886.6
23438.8
421310.9
677924.5
456719.5
9278.2
10915.0
540692.0
7966.2
297445.7
1938384.2
15296.8
7394.4
23682.3
64897.5
373264.9
328090.0
12625.3
120751.6
50517.8
16719.2
12499.0
1377642.6
2615325.0
13421.1
27871.5
376002.4
46946.0
111297.9
105615.2
1694677.6
395594.5
17854.5
110386.6
35379.2
18928.0
26878.7
578.2
-790.3
10247.6
6406.0
15474.5
19778.2
757.6
16823.6
306322.5
5451.1
213468.2
12072.1
515915.4
42206.3
21489.5
22696.2
649.9
3544.3
18706.6
167801.3
53848.5
493653.3
4299.5
2566.0
10994.4
3487.9
108455.8
183127.9
238692.8
32335.4
4922.9
4988.7
9654.5
25578.6
9611.4
2004033.1
146364.3
796631.2
695949.0
7882.9
34733.3
541650.1
925911.2
347394.0
460558.1
66858.2
3113709.2
105429.8
38471.8
1023924.8
245205.5
123352.0
52386.4
48244.2
5775.5
29722.2
32907.5
25448.0
5019.9
554308.1
34340.8
176913.1
4624.3
96751.2
423792.5
96877.4
12604.1
48343.1
237120.8
313541.0
15356.8
371624.1
631285.5
126777.0
3744.0
7004.8
15035.9
170410.4
51500.6
17337.6
154853.8
833179.2
1412714.5
70312.9
342903.1
43695.3
2117419.0
1395808.0
14141.5
1284935.0
82500.6
99517.2
88761.5
46397.6
269287.8
721356.1
281627.8
218667.2
611204.5
70210.0
25117.9
101708.7
616781.2
12351.8
11531.2
1989.9
1954.2
50322.7
15553.2
208858.4
7422.9
204741.3
323174.2
467189.2
-2496.8
2295.8
130070.8
-3195.3
441683.1
21223.4
261570.5
3378.8
8078.4
3119.1
198758.9
15535.2
77595.9
73864.1
29933.0
363260.0
42296.1
317408.2
-3995.2
105977.7
129693.7
9582.8
8504.1
108045.3
202375.3
525417.8
2786.2
12040.1
928404.6
10051.8
441544.5
496434.6
24477.2
1201.2
35170.9
1490536.4
12877.0
35189.3
1052224.0
175553.8
32109.8
20484.8
1733274.5
50074.8
96726.0
382260.6
62453.3
190248.8
3517.3
1117571.4
1834.8
1286.8
11831.0
1685888.4
2290800.5
913291.6
2876.9
45421.8
-1779.5
645726.6
86187.2
104241.9
55845.7
38748.5
139233.4
809423.0
667152.1
26978.1
2866380.8
28923.6
197264.0
182366.5
41758.5
2261522.5
89324.1
814727.6
1348900.9
102502.8
14428.0
2838120.0
426346.8
333290.9
277949.0
43473.5
659.1
-2056.2
89362.2
-635.8
859.1
72042.2
100040.2
10041.6
317071.5
149217.1
20902.9
10086.6
101439.8
-3685.1
-4825.1
6344.9
14016.5
6616.4
19236.2
30318.3
169147.2
63887.7
30992.3
3708.0
28157.6
43660.3
23935.8
-5906.1
-1698.0
9584.3
4676.9
15885.8
19857.6
10200.0
113021.1
-4771.8
18904.4
23663.5
252099.4
43165.2
152388.6
40382.1
422908.0
20059.9
50415.3
1511.7
27162.3
1006488.5
29682.7
88098.6
126145.5
120761.1
253776.4
6596.7
-1128.3
14556.2
39094.4
76585.4
40742.3
49753.9
15904.7
117476.4
9172.3
4567.5
32762.2
10492.3
82231.1
649987.5
6287.2
53551.1
9927.5
-862.2
762631.7
7211.6
68155.2
191198.1
98649.4
364215.5
-2727.5
135874.0
2223.2
13853.5
10931.2
690457.5
172357.0
211426.5
3871.5
249452.1
246917.2
5157.5
22702.5
137555.8
250408.4
1366252.5
48059.3
11391.5
32775.0
525801.9
634920.9
-1633.0